144549
549244
727744
85521
85523
728524
727794
102060
198853
102064
102061
102063
246664
246654
246524
246644
246724
246504
246884
246884
246044
246294
246634
246084
246224
246534
246064
246594
246334
246264
730674
246304
246214
358984
246494
246184
728214
246874
246284
244704
246314
246204
709864
246194
246514
246864
246484
246904
246614
246674
246254
246094
709854
246424
246274
246464
263304
263244
263134
102070
698954
735674
699744
699474
699074
698174
716544
711194
177077
417544
425064
701154
700104
700824
699644
699054
206423
206430
206426
206432
609094
186426
196012
120211
46506
46507
244724
55742
2164
2166
569984
569954
1699
46773
35673
1698
1697
46775
1996
1994
64350
64352
337794
525994
140599
233734
208967
140586
143478
143620
140425
140636
203594
208905
140678
166299
166302
166300
144186
205543
140607
140215
189933
205554
205705
140798
252064
205095
205616
140472
140186
190783
205002
164086
206035
162993
750114
204908
190154
204994
205099
413454
562384
2187
169427
36234
92837
92838
2194
2206
193713
373434
106481
144541
193963
373464
193615
157986
51697
373494
206767
365754
373454
373394
427824
132994
438114
206788
428234
438084
380844
426284
206795
426584
373124
372994
144454
193624
193896
373304
428874
106479
206703
427924
191978
206794
428334
206769
429094
106482
427334
159396
191760
206801
193686
373414
187225
193696
428404
124521
427994
156841
157998
373564
193690
428024
427874
427854
427654
428124
191814
428914
428034
428224
174227
206759
372974
207602
428924
194026
103132
495944
193852
427914
157994
106468
206797
159619
427124
159624
206746
426664
190596
309064
193566
193950
67867
193962
428634
427634
193513
206786
373344
106467
372914
190597
157989
428964
427574
193953
373144
193784
373474
203675
427644
206768
373504
373374
428464
193766
428054
372474
206793
373214
106469
159400
51740
427504
427744
373154
184477
193389
193452
159614
494484
193481
427884
191775
206701
372934
427804
103086
194060
193471
108553
206798
194033
428354
428144
51779
191826
194057
206744
206747
193396
193454
206766
355724
193393
193932
193893
309324
193394
193388
428244
193731
208175
193972
206754
427494
192183
159618
373334
373334
372954
206753
157995
157987
206755
159394
206799
206791
496804
193758
159626
206752
206761
51824
206763
206749
428534
206748
427814
427344
193495
428014
427834
373404
193737
106477
157996
120345
426724
515934
427514
373574
206764
373114
206790
428004
428274
427024
68287
39120
204540
119796
79736
192489
238184
239374
239864
71569
45706
1576
29327
364354
51679
373364
193840
106438
427844
209243
153682
175718
31339
221334
204541
238194
204946
46006
88625
239444
106420
516264
1575
239324
508084
428264
355964
206800
30818
364764
206760
492544
57904
428184
428944
159613
64143
428094
498994
193390
35653
71568
83058
206577
238054
377844
55926
642
206736
35654
203181
157993
101400
194017
35728
281
364694
206743
192081
239684
47470
29328
194010
239204
35645
419684
62943
238354
204951
204948
500094
31340
239924
153663
412154
45703
35729
365154
206758
206702
237904
373134
38821
253904
101401
196214
373354
511654
498514
35732
399664
250634
427964
206700
35655
174589
428984
427784
239614
428454
365024
301214
206757
206762
436874
364824
204546
373554
88622
239634
364844
364504
401534
364864
373584
365164
239424
498554
216644
412164
428374
206380
373104
191820
198814
193776
500014
145588
239354
498564
372944
188164
196189
308934
524
205910
187605
101850
76951
328334
38901
387314
139382
143486
203310
328154
159388
386594
312664
155669
203974
188159
205756
549164
188183
97758
487
344364
52059
340764
101771
153467
360934
184821
187504
51973
251664
189094
143812
377904
185208
101804
144387
430174
186406
138579
282754
420304
497264
404784
151131
187706
331524
363994
168677
328284
162357
362064
449484
390934
363
265074
360544
47281
524464
266144
388184
360974
378594
430024
399184
190274
363854
276584
188002
362164
367584
369784
188184
405144
163705
387414
288574
160297
106314
192944
186180
328364
496004
360294
54747
160242
462144
109027
385354
110323
449564
401874
247124
289244
189081
389174
195238
188174
188177
524734
159464
527104
186776
430204
188160
188140
175168
363604
422204
143431
161596
159285
517704
155632
391764
389834
386184
72285
103110
328944
186408
184838
557444
359564
101906
207080
378314
101783
188787
266134
188187
163014
51907
405084
92843
150234
52082
319724
159450
441904
163710
186414
188156
140413
188163
71917
187630
362904
401824
144140
288724
319164
187602
194826
414194
187643
204006
253094
187616
188190
526944
341994
101877
108236
527474
52176
30724
93086
389814
52027
52413
385504
188712
168832
160319
152821
175507
364014
389554
159426
385784
251734
362384
47279
103533
202794
160450
253424
361744
205754
73877
205621
252204
363864
100044
101782
208296
341464
390624
184809
729
173665
378574
153464
101770
31424
187490
193199
123186
363574
205356
110297
364074
192940
301064
367804
372664
51944
328214
193155
207056
56736
330314
189077
68097
184782
153558
159454
492
31429
163764
255504
155671
207271
174278
145069
263954
389044
527114
362934
405234
405284
103103
335214
140616
361184
197157
334394
187872
186332
145778
340394
360704
188167
190971
516144
60540
101814
143213
138981
90715
209169
274
401544
138993
298764
192921
187533
175707
214824
33899
120581
527554
553514
367924
143920
207273
385994
554504
252234
328384
405014
170387
187150
363344
31881
363654
138989
388764
51860
362484
508074
219174
152820
446194
163046
161465
103090
28962
527414
380864
188181
334584
163719
188175
266154
187686
186290
359514
28959
143212
145211
385664
93090
437694
52161
369414
360554
101765
335244
195016
187589
255074
255694
175470
193202
120210
142941
405224
193126
252174
289014
72273
182656
103100
188155
494424
186726
188795
556324
333574
188142
38869
188601
101813
160327
88606
386994
308844
378534
207204
140525
352214
390114
367934
361004
38830
273064
173676
186425
47427
215894
193140
361264
139385
387084
186857
163765
333424
334244
204014
142939
494954
28416
207222
378504
275
278494
160328
322434
71916
495934
185481
378364
425054
386834
254774
188189
57893
139384
254904
404504
404804
363914
90779
405334
221594
362134
166653
155619
143187
189071
138998
188172
386834
57893
378514
139384
159449
254904
404804
101870
31859
405334
657
657
70917
221594
221594
139379
362134
45990
67815
155619
143187
367754
187687
189071
192969
138998
120049
120049
296974
188172
361074
416724
72289
54746
54746
187743
386344
139381
390564
184785
38799
388644
360654
187487
187333
173664
152816
472404
82624
90709
101796
271744
191031
361944
205427
251724
206544
518014
195771
52112
71830
187084
360794
187593
363744
188137
36130
219534
159461
372244
188606
66362
103095
191767
187523
163701
188162
160318
367644
45954
205541
127233
52021
101801
253124
187865
161645
424184
255254
187325
158377
127237
28288
163778
106458
76953
151806
161469
251584
93093
329124
123124
170803
553524
137424
32773
188191
161518
360494
52189
186718
187514
401484
144081
193164
517714
277
360954
340654
476354
31079
405104
101823
158289
152813
187511
159284
205413
90621
414204
283914
517694
155180
2106
35487
90798
557474
206460
52110
162534
2108
51986
364164
418024
378404
155668
337714
184832
335114
361174
360984
151229
277624
187451
188509
378494
361214
159608
462194
145212
159287
120212
82294
192953
189041
255124
319474
189097
48481
352324
519844
90778
2107
101859
360514
361954
163717
527604
449604
123131
188675
508224
556334
101872
360994
204983
187544
449514
378394
71028
101794
386294
220964
449664
386414
188169
160315
363764
404824
450214
363784
187549
388694
527394
388684
169968
163741
110326
527284
51888
101810
405204
184602
449554
378544
90796
342064
404874
96766
158180
251714
193131
168591
134469
187666
251744
52211
161108
160245
90697
189892
204651
187326
187326
101867
90786
202672
184870
160329
103097
330964
189083
72251
363674
140318
162903
206485
101894
72277
28338
206451
31883
388294
362554
430104
106034
329164
72286
129028
362194
90706
377714
367814
28177
57818
188685
388534
332874
143103
160320
192941
449464
101911
101798
364104
363954
318124
340544
160291
101764
193132
526114
187521
206479
364134
66092
430084
28960
363734
155179
301934
96671
385134
159386
422034
333094
65826
385984
184865
378374
362124
96672
336124
100043
160015
344344
186705
361354
161161
404834
173596
193137
185595
401814
473214
362174
446174
173670
361014
328014
360624
192938
220974
362644
209734
120576
45730
361334
289054
390134
188157
193084
155634
332264
367654
193134
363214
390454
173638
494404
193058
255594
367724
528544
203978
328344
429994
386404
362654
378604
205968
160954
364174
174563
255314
138980
163698
163051
185592
360754
386004
309304
187572
266174
101847
173646
385394
32776
168883
101868
208109
80502
153460
388204
333584
101846
122579
206111
47040
361344
189066
193133
401844
205354
72807
79455
334644
45989
30692
151842
328324
208979
252764
185023
405134
72252
90627
446254
189681
186411
103114
138906
425154
186711
378464
208944
101882
401804
93088
160251
476524
245924
335274
160244
161459
331884
543004
193200
378484
233164
378354
187690
205409
72265
161461
188792
363804
527184
207120
206947
72263
206534
184383
110327
255374
110300
163057
163695
399194
272354
205351
204876
188144
362094
71831
160360
364064
363964
103088
145210
160246
124715
169972
333724
328424
72288
352724
187583
195015
203599
173685
30725
420434
386564
142932
184854
198211
449874
94984
137422
516114
380754
436894
159326
188180
187551
144091
335234
186099
380504
163994
175670
195149
301364
205353
160252
362514
102072
202928
163716
127235
175700
188185
449804
173686
331614
173667
387464
110308
143474
204275
192090
361784
102942
101865
160361
174568
360764
145071
363974
385184
187730
28339
71968
190285
30721
325074
391034
164263
390314
390214
52188
138988
521454
118890
189636
155631
332284
52179
190160
72253
305244
2074
101773
332274
360584
422114
153466
188677
199091
72261
361094
361044
319314
367564
52496
188188
101883
387874
361324
391264
331434
360784
163017
139708
249834
186423
387224
143476
326754
206110
158191
423034
110307
378524
103104
387214
373804
40161
557304
163699
476
28419
193153
161463
138997
160367
159609
159884
186279
188138
378614
160253
449864
202716
188161
251524
387664
445694
422674
526984
101897
103092
728
204007
194306
189059
387384
360694
359204
190536
90804
293504
330994
422084
187673
188166
187656
504134
549474
276564
188186
90710
189089
192929
196641
203988
362864
372414
189072
328304
185285
89493
93089
155623
186365
72262
51915
187415
420484
108231
31877
144204
336134
386244
197663
185268
163703
90694
449754
201825
378584
542954
163240
102785
110299
159385
103109
177253
159455
158129
475464
635
101775
335204
103108
186435
367794
123183
413904
160342
101800
378384
28446
207074
253834
28961
163015
363414
110332
404844
378624
419644
405304
189908
159462
556354
52378
143508
31043
102074
168576
530244
331294
387264
159328
153576
31882
155620
163700
405264
362454
185264
177011
189079
429804
329344
161527
360614
159460
155618
330474
187561
28420
173657
361254
237
189095
386334
476344
189057
362054
255934
549484
142933
192946
390324
204050
527574
390774
390774
188176
187473
404954
525964
523
206082
143802
56694
462614
52185
388304
101790
103111
38900
193064
188794
385574
81279
207178
360604
331544
31878
360824
449434
327294
159290
361134
88600
186450
513304
92027
527014
138641
367764
145070
188139
188683
284854
360444
158179
81084
361304
378424
513514
144156
385544
273044
173607
168905
107082
96769
155636
449594
387064
192930
513194
125108
31860
367784
204516
155246
422004
372264
157932
361084
386904
101896
262164
88058
423364
187525
158256
190284
175167
378004
123009
373764
187615
46946
326684
80617
188143
405024
193315
275834
378044
208132
148618
198579
160335
325424
93094
173678
405054
160939
187473
173687
158378
158378
525964
429764
523
523
143802
56694
189082
52185
187580
388304
361714
361714
103111
188178
38900
161556
193064
390854
390854
273054
296854
387014
385574
81279
360604
360604
331544
31878
360824
449434
327294
159290
361134
88600
186450
513304
92027
527014
138641
367764
145070
188139
188683
284854
360444
158179
81084
361304
378424
513514
144156
385544
273044
273044
173607
168905
107082
96769
155636
449594
387064
192930
513194
125108
31860
367784
204516
155246
422004
372264
157932
361084
386904
101896
262164
88058
423364
187525
158256
190284
175167
378004
123009
373764
187615
46946
326684
80617
188143
405024
193315
275834
378044
208132
148618
198579
160335
325424
93094
173678
405054
160939
173687
72271
158378
160295
429764
360574
189082
187580
361714
188178
161556
390854
273054
296854
387014
284534
28333
553404
187668
275334
110306
193156
328194
160322
195017
198438
160310
101857
173614
364144
363934
175473
518434
194283
193151
429824
174561
192927
188168
30993
155629
28287
31426
405174
497
184840
139390
356644
2109
361204
236
163050
1555
336054
508984
430184
206067
39372
168906
34049
207070
206108
101855
189090
477504
188179
554744
205364
529284
39121
239034
529244
445504
373444
529014
46125
528644
159964
529234
191742
399244
206113
662254
529354
528694
529134
529044
191914
382454
420644
382544
160229
79430
238454
191739
382694
206699
619534
193392
637384
191929
414494
654054
528744
160164
528984
192083
238874
191815
191949
529314
191832
529214
652044
192121
238694
192067
614604
609894
207172
528784
191921
191903
528874
528714
529104
528724
191976
204226
528894
528754
645544
382264
529294
642924
420654
528764
672464
238724
207235
207162
182205
528914
160200
529114
528774
191977
192071
528674
192062
191870
352764
425074
528734
529224
238754
529154
616914
529194
191822
420664
191969
529084
193395
528854
197116
194068
193463
194832
193467
193668
193544
193500
193490
193949
193708
191576
614504
661274
193973
429364
193799
193847
193729
193787
193908
193489
194011
197113
193854
193536
193469
193910
194028
194043
193952
197466
193459
661244
193477
662284
197114
662264
193618
193473
634024
193475
193894
193529
208596
193506
193478
193779
476664
193455
196213
193504
193775
193508
193890
193532
193940
193940
193925
381174
193944
193466
193484
204926
193945
193959
193461
420364
649274
193512
661574
194054
193928
193457
419864
197130
193522
193846
309344
193889
193494
193881
193969
193470
640944
635344
193456
239954
193732
193538
334224
204230
193483
203671
195192
193887
193964
193936
193491
197119
193462
193970
193498
193511
193338
520444
193474
429834
647204
202756
193931
362524
574124
570104
574144
574084
624204
505304
568924
569134
151828
626334
569894
574524
542184
569794
574254
570124
570164
569754
600074
139487
573794
254954
177316
568784
574274
39087
186407
255454
255974
517304
569694
635164
505414
609074
568454
570114
568794
635144
205368
573854
626364
255984
573774
569864
574724
573784
635154
568134
674024
569774
505424
574334
105165
319874
308704
569734
168609
606584
647524
574034
570084
255534
570134
206545
563334
573754
673214
71463
570174
252244
205361
574154
563414
505404
573804
205329
574134
574054
205355
193090
569624
569974
193060
609014
198209
573834
569814
646384
652324
253824
619234
253674
619224
624314
168903
253704
168902
664084
335384
168862
355654
652294
330574
190970
187613
187568
625284
195179
570794
575024
365454
570684
575034
570854
184848
184823
175699
570944
185254
570894
184834
570584
184869
173634
158181
197218
570814
190778
575014
570614
571364
207389
66367
570634
187201
207409
516284
570864
574794
570984
207386
207388
207397
207397
144549
207397
184827
570884
208597
173637
144549
575044
549244
207401
202305
727744
185269
85521
85523
728524
207362
727794
102060
198853
102064
102061
102063
246664
246654
246524
173677
173677
246524
246644
246724
182659
570694
246504
574824
246884
246044
246294
195392
570244
246634
175697
246084
184858
570304
246224
174259
246534
570834
246064
570754
246594
246334
186313
246264
207418
730674
246304
574914
186548
246214
358984
71497
246494
574874
246184
728214
574904
246874
246284
244704
246314
246204
186094
709864
246194
570704
246514
246864
246484
246904
184778
246614
246674
246254
399264
246094
709854
246424
246274
207417
246464
263304
263244
263134
575004
102070
570954
698954
207391
735674
565384
184846
699744
207393
699474
570604
699074
698174
716544
711194
177077
417544
207411
431804
570844
425064
417954
701154
700104
700824
699644
699054
206423
206430
202309
206426
206432
609094
186426
196012
120211
46506
46507
244724
55742
2164
2166
569984
569954
1699
46773
35673
1698
1697
46775
1996
1994
64350
64352
337794
525994
140599
233734
208967
140586
143478
570724
143620
140425
140636
203594
208905
140678
570824
166299
166302
166300
144186
205543
570624
140607
140215
189933
205554
205705
140798
252064
205095
205616
140472
140186
190783
205002
164086
206035
162993
750114
204908
190154
204994
205099
413454
562384
2187
169427
36234
92837
92838
2194
2206
193713
373434
106481
144541
193963
373464
193615
157986
51697
373494
206767
365754
373454
373394
427824
132994
438114
206788
428234
438084
380844
426284
206795
426584
373124
372994
144454
193624
193896
373304
428874
106479
206703
427924
191978
206794
428334
206769
429094
106482
427334
159396
191760
206801
193686
373414
187225
193696
428404
124521
427994
156841
157998
373564
193690
428024
427874
427854
427654
428124
191814
428914
428034
428224
174227
206759
372974
207602
428924
194026
103132
495944
193852
427914
157994
106468
206797
159619
427124
159624
206746
426664
190596
309064
193566
193950
67867
193962
428634
427634
193513
206786
373344
106467
372914
190597
157989
428964
427574
193953
373144
193784
373474
203675
427644
206768
373504
373374
428464
193766
428054
372474
206793
373214
106469
159400
51740
427504
427744
373154
184477
193389
193452
159614
494484
193481
427884
191775
206701
372934
427804
103086
194060
193471
108553
206798
194033
428354
428144
51779
191826
194057
206744
206747
193396
193454
206766
355724
193393
193932
193893
309324
193394
193388
428244
193731
208175
193972
206754
427494
192183
159618
373334
372954
206753
157995
157987
206755
159394
206799
206791
496804
193758
159626
206752
206761
51824
206763
206749
428534
206748
427814
427814
427814
144549
427344
193495
428014
427834
373404
193737
106477
549244
157996
120345
727744
426724
515934
85521
85523
728524
727794
102060
427514
198853
102064
102061
102063
246664
246654
246524
373574
246644
206764
246724
373114
246504
206790
246884
428004
246044
246294
428274
246634
427024
246084
68287
246224
39120
246534
204540
246064
246594
246334
246264
730674
246304
119796
246214
358984
79736
246494
246184
728214
246874
246284
192489
244704
246314
238184
246204
709864
246194
239374
246514
246864
239864
71569
246484
246904
45706
246614
1576
246674
29327
246254
246094
709854
364354
246424
51679
246274
373364
246464
263304
263244
193840
263134
106438
102070
427844
698954
735674
699744
699474
699074
209243
698174
716544
711194
153682
177077
175718
417544
31339
221334
204541
425064
238194
701154
700104
700824
699644
699054
206423
204946
46006
206430
88625
239444
106420
516264
206426
1575
206432
609094
239324
186426
196012
120211
46506
508084
46507
244724
55742
2164
428264
355964
2166
206800
30818
569984
569954
364764
1699
46773
35673
1698
206760
1697
46775
1996
1994
64350
64352
492544
337794
525994
140599
233734
57904
208967
140586
428184
143478
428944
143620
159613
140425
140636
64143
203594
208905
140678
166299
166302
166300
144186
205543
140607
140215
189933
205554
428094
205705
140798
498994
252064
205095
205616
140472
140186
193390
190783
205002
164086
206035
35653
162993
71568
750114
204908
190154
204994
205099
413454
562384
2187
169427
36234
83058
92837
206577
92838
2194
2206
193713
373434
106481
144541
193963
373464
193615
157986
238054
51697
373494
377844
55926
642
206767
365754
206736
373454
35654
373394
203181
157993
101400
194017
427824
35728
132994
438114
206788
281
428234
438084
380844
426284
364694
206795
206743
426584
373124
372994
144454
193624
193896
373304
192081
428874
239684
106479
47470
206703
427924
191978
29328
206794
428334
206769
429094
106482
194010
427334
159396
239204
35645
191760
206801
193686
373414
419684
62943
187225
193696
238354
428404
124521
204951
427994
156841
204948
157998
500094
373564
193690
428024
31340
427874
427854
427654
428124
239924
153663
412154
191814
45703
428914
428034
35729
428224
174227
206759
372974
207602
428924
194026
103132
495944
193852
427914
365154
157994
206758
106468
206797
206702
159619
427124
159624
206746
426664
237904
190596
373134
38821
309064
193566
193950
67867
193962
253904
428634
427634
193513
206786
373344
106467
372914
101401
190597
196214
157989
373354
428964
427574
511654
193953
373144
498514
193784
373474
203675
427644
206768
373504
35732
373374
428464
399664
193766
428054
372474
206793
373214
106469
250634
427964
159400
206700
51740
427504
427744
35655
373154
174589
184477
193389
428984
193452
427784
159614
239614
494484
428454
193481
427884
365024
301214
191775
206701
206757
372934
427804
206762
103086
194060
193471
108553
206798
194033
428354
428144
436874
51779
364824
191826
204546
194057
206744
373554
206747
88622
239634
193396
364844
364504
401534
193454
206766
355724
193393
193932
193893
309324
193394
364864
193388
373584
428244
365164
239424
193731
498554
208175
193972
206754
216644
427494
192183
412164
428374
159618
373334
372954
206380
206753
157995
373104
191820
198814
157987
206755
159394
206799
206791
193776
496804
500014
193758
159626
206752
206761
145588
51824
206763
206749
239354
428534
206748
427814
427344
193495
498564
428014
427834
373404
372944
193737
106477
157996
188164
196189
120345
308934
426724
515934
427514
524
205910
187605
373574
101850
76951
206764
328334
373114
206790
38901
428004
428274
387314
427024
68287
39120
204540
139382
143486
203310
119796
328154
79736
159388
192489
386594
238184
312664
155669
239374
203974
239864
188159
205756
71569
549164
188183
45706
97758
1576
487
29327
344364
52059
340764
364354
101771
51679
153467
373364
360934
193840
106438
184821
427844
187504
51973
251664
189094
143812
377904
209243
185208
101804
153682
144387
175718
430174
31339
221334
186406
204541
138579
282754
420304
497264
404784
151131
238194
187706
331524
363994
168677
328284
162357
362064
449484
390934
363
265074
360544
204946
47281
524464
266144
388184
46006
88625
239444
106420
360974
516264
378594
1575
430024
399184
190274
363854
276584
188002
239324
362164
508084
428264
355964
206800
367584
30818
364764
369784
188184
206760
405144
163705
387414
288574
160297
106314
492544
192944
186180
328364
496004
360294
57904
428184
54747
428944
159613
160242
64143
462144
109027
385354
110323
449564
428094
401874
498994
247124
289244
189081
389174
193390
35653
195238
71568
188174
188177
524734
83058
206577
524734
159464
238054
377844
55926
527104
642
35654
83058
186776
430204
203181
157993
238054
188160
527104
101400
188140
377844
35728
35728
363604
186776
422204
143431
430204
642
642
161596
206736
188160
206743
159285
35654
188140
175168
363604
192081
422204
239684
143431
101400
517704
161596
194017
47470
35728
35728
159285
29328
155632
391764
517704
364694
389834
386184
206743
155632
72285
391764
103110
194010
389834
192081
35645
35645
72285
186408
184838
47470
557444
103110
359564
101906
207080
419684
29328
29328
328944
186408
184838
194010
378314
239204
101783
204951
204948
557444
419684
359564
62943
101906
31340
207080
188787
239924
238354
153663
45703
204951
35729
35729
266134
266134
31340
188187
378314
239924
163014
45703
51907
35729
35729
206758
405084
206702
92843
92843
150234
150234
237904
373134
365154
266134
188187
206702
52082
163014
253904
319724
51907
405084
159450
38821
441904
92843
92843
150234
186414
188156
101401
253904
52082
52082
319724
319724
511654
188163
71917
71917
159450
35732
441904
399664
163710
187630
186414
186414
101401
362904
401824
196214
427964
188156
206700
373354
35655
511654
498514
144140
35732
140413
174589
174589
71917
71917
428984
427784
319164
250634
428454
187630
427964
187602
362904
365024
35655
301214
401824
174589
174589
144140
428984
427784
239614
428454
365024
301214
436874
319164
364824
364824
414194
187602
187643
194826
206762
204006
204546
253094
187616
187616
188190
239634
364824
364844
364504
414194
204006
253094
526944
187616
341994
239634
188190
101877
364504
108236
401534
527474
52176
526944
364864
364864
341994
373584
30724
365164
101877
93086
239424
389814
52413
108236
527474
385504
52176
188712
30724
364864
364864
168832
373584
93086
160319
389814
365164
152821
52027
412164
52413
175507
239424
364014
385504
188712
168832
159426
498554
385784
428374
160319
251734
152821
362384
175507
364014
389554
206380
412164
47279
159426
412164
385784
103533
251734
362384
202794
103533
428374
160450
253424
202794
361744
205754
160450
253424
361744
205621
205754
205754
252204
73877
363864
100044
100044
208296
205621
252204
341464
390624
363864
184809
729
100044
173665
101782
373104
208296
378574
341464
390624
153464
101770
184809
184809
31424
187490
198814
173665
193776
378574
500014
193199
123186
363574
153464
101770
31424
187490
205356
110297
145588
193199
123186
363574
193776
500014
364074
192940
205356
110297
301064
367804
239354
145588
372664
51944
328214
498564
364074
192940
239354
372944
193155
301064
498564
188164
367804
207056
196189
372944
308934
372664
56736
51944
328214
188164
524
193155
196189
308934
205910
187605
330314
101850
207056
189077
524
76951
68097
328334
205910
56736
38901
187605
184782
101850
387314
76951
328334
153558
330314
159454
189077
492
38901
68097
139382
31429
143486
387314
163764
203310
255504
184782
155671
139382
328154
207271
153558
143486
159388
174278
203310
492
31429
386594
328154
163764
312664
255504
155671
159388
155669
145069
207271
263954
174278
203974
386594
188159
312664
205756
549164
389044
155669
188183
145069
97758
527114
203974
263954
487
344364
362934
188159
52059
405234
205756
549164
188183
340764
389044
97758
405284
101771
103103
527114
487
153467
344364
360934
52059
362934
405234
340764
335214
140616
184821
361184
101771
197157
153467
405284
187504
103103
360934
51973
334394
251664
187872
189094
186332
184821
335214
140616
145778
361184
143812
197157
187504
340394
51973
377904
360704
188167
251664
190971
334394
189094
185208
187872
186332
101804
143812
145778
377904
340394
144387
516144
360704
60540
188167
101814
190971
185208
143213
101804
138981
430174
90715
144387
209169
274
186406
138579
516144
401544
282754
60540
101814
430174
138993
298764
143213
138981
192921
420304
90715
209169
186406
497264
138579
404784
274
282754
151131
401544
187706
138993
187533
420304
298764
175707
331524
497264
214824
404784
192921
33899
151131
363994
187706
168677
328284
120581
162357
331524
527554
187533
175707
553514
362064
363994
214824
449484
367924
168677
33899
390934
328284
162357
363
120581
265074
143920
527554
362064
449484
553514
367924
360544
143920
47281
207273
524464
266144
388184
385994
554504
252234
360974
328384
207273
378594
405014
430024
399184
385994
385994
187150
187150
190274
363854
276584
188002
362164
170387
170387
363344
363344
385994
385994
367584
328384
328384
328384
369784
170387
170387
188184
363344
363344
405144
163705
387414
288574
160297
106314
192944
186180
363654
363654
328364
496004
360294
54747
160242
462144
109027
363654
363654
385354
388764
388764
110323
449564
362484
362484
401874
247124
289244
189081
138989
138989
389174
363654
363654
388764
388764
362484
362484
195238
188174
188177
51860
51860
524734
159464
219174
219174
152820
152820
527104
446194
446194
186776
430204
161465
161465
188160
188140
175168
28962
28962
219174
219174
363604
380864
380864
422204
143431
161596
159285
163046
163046
508074
508074
517704
103090
103090
527414
527414
155632
163046
163046
391764
163719
163719
103090
103090
389834
386184
188175
188175
72285
527414
527414
103110
334584
334584
328944
186408
184838
188175
188175
557444
359564
101906
207080
378314
101783
266154
266154
188787
186290
186290
359514
359514
266134
188187
266154
163014
51907
28959
28959
405084
92843
150234
359514
359514
52082
145211
145211
319724
159450
441904
163710
28959
28959
186414
186290
186290
385664
385664
359514
359514
188156
93090
93090
140413
188163
71917
145211
145211
28959
28959
187630
362904
369414
369414
401824
360554
360554
144140
143212
143212
101765
101765
288724
319164
187602
187589
187589
194826
385664
385664
369414
369414
93090
93090
255074
255074
360554
360554
335244
335244
414194
187643
204006
253094
187616
188190
526944
341994
101877
108236
527474
52176
120210
30724
93086
389814
142941
52027
52413
405224
385504
188712
193126
168832
252174
160319
289014
152821
72273
175507
364014
182656
103100
389554
159426
385784
188155
494424
251734
186726
362384
188795
47279
556324
103533
333574
188142
38869
202794
188601
101813
160450
160327
253424
88606
361744
386994
205754
308844
73877
378534
207204
140525
352214
205621
252204
363864
100044
390114
367934
101782
208296
361004
341464
390624
184809
38830
729
273064
173676
173665
186425
378574
47427
153464
101770
215894
31424
187490
193140
193199
361264
123186
139385
363574
387084
205356
186857
110297
163765
333424
334244
204014
364074
142939
192940
301064
367804
494954
28416
372664
207222
51944
328214
378504
193155
275
207056
278494
56736
160328
322434
71916
495934
330314
185481
189077
68097
378364
425054
184782
153558
159454
492
386834
31429
254774
163764
255504
155671
188189
207271
57893
174278
139384
254904
404504
145069
404804
263954
363914
90779
405334
389044
221594
527114
362934
405234
362134
166653
155619
405284
103103
143187
335214
140616
361184
197157
189071
138998
334394
187872
188172
186332
145778
340394
360704
54746
188167
190971
516144
378514
60540
101814
159449
143213
138981
90715
283834
209169
274
401544
175694
138993
298764
101870
31859
192921
657
70917
187533
175707
139379
214824
45990
33899
52149
174279
67815
120581
527554
553514
367924
367754
378444
187687
192969
52181
143920
120049
296974
361074
416724
72289
207273
187743
386344
139381
390564
385994
554504
184785
252234
328384
405014
38799
170387
187150
388644
360654
187487
363344
187333
31881
31881
173664
152816
472404
82624
363654
90709
138989
101796
388764
51860
362484
271744
191031
361944
205427
251724
508074
219174
206544
152820
518014
446194
163046
161465
103090
195771
28962
527414
52112
380864
71830
188181
187084
360794
334584
163719
188175
187593
363744
188137
36130
266154
219534
159461
372244
188606
66362
103095
187686
191767
187523
163701
186290
359514
28959
188162
160318
367644
143212
45954
145211
205541
385664
93090
127233
437694
52161
369414
360554
101765
335244
195016
52021
187589
101801
253124
255074
255694
175470
187865
193202
161645
424184
255254
187325
120210
158377
142941
127237
405224
193126
28288
163778
252174
106458
289014
72273
76953
151806
182656
103100
161469
188155
494424
251584
186726
188795
556324
333574
188142
38869
93093
188601
101813
160327
88606
329124
123124
170803
386994
553524
308844
137424
32773
378534
188191
207204
140525
352214
161518
360494
52189
390114
186718
187514
367934
401484
144081
361004
193164
517714
38830
277
273064
360954
173676
340654
186425
47427
476354
31079
215894
193140
405104
361264
139385
101823
387084
186857
158289
152813
163765
187511
333424
334244
204014
142939
159284
205413
494954
90621
28416
207222
414204
378504
275
283914
278494
517694
160328
155180
322434
2106
71916
495934
35487
90798
185481
557474
378364
425054
206460
386834
52110
254774
188189
162534
57893
139384
254904
404504
2108
51986
404804
364164
363914
90779
418024
405334
221594
378404
362134
155668
166653
337714
184832
155619
335114
143187
361174
189071
360984
138998
188172
151229
277624
54746
187451
378514
188509
159449
283834
175694
378494
361214
101870
159608
31859
657
462194
70917
145212
139379
45990
159287
52149
174279
120212
67815
82294
367754
378444
192953
187687
192969
52181
189041
120049
296974
361074
255124
416724
319474
72289
187743
386344
189097
48481
352324
519844
139381
390564
90778
2107
184785
184785
101859
360514
38799
361954
388644
360654
163717
187487
527604
187333
449604
123131
173664
188675
152816
472404
508224
82624
556334
101872
90709
360994
101796
204983
187544
271744
449514
191031
361944
205427
378394
251724
71028
206544
518014
101794
386294
220964
449664
195771
52112
386414
71830
188169
187084
360794
160315
363764
187593
363744
404824
450214
188137
36130
219534
159461
372244
188606
363784
66362
187549
103095
388694
191767
187523
163701
527394
388684
169968
188162
160318
367644
45954
205541
127233
163741
110326
527284
52021
101801
253124
187865
161645
51888
424184
101810
255254
187325
158377
405204
184602
449554
378544
127237
90796
28288
342064
163778
106458
404874
96766
76953
158180
151806
251714
193131
168591
134469
187666
251744
161469
251584
52211
161108
160245
90697
93093
189892
204651
187326
329124
123124
101867
170803
553524
137424
90786
32773
188191
161518
360494
52189
186718
202672
187514
401484
144081
184870
193164
160329
517714
103097
277
360954
340654
330964
476354
189083
31079
72251
405104
363674
140318
101823
162903
206485
158289
101894
152813
72277
28338
187511
206451
31883
159284
205413
388294
90621
414204
283914
517694
155180
362554
2106
430104
106034
35487
90798
557474
329164
72286
206460
52110
162534
129028
362194
90706
2108
377714
51986
367814
364164
28177
418024
57818
378404
188685
388534
332874
155668
337714
184832
143103
335114
361174
360984
160320
151229
192941
277624
449464
101911
101798
187451
364104
363954
188509
318124
340544
378494
160291
361214
101764
159608
193132
462194
526114
145212
159287
120212
187521
82294
206479
364134
192953
66092
189041
430084
28960
255124
363734
319474
155179
189097
301934
48481
96671
352324
385134
519844
90778
159386
2107
422034
101859
333094
360514
65826
361954
385984
184865
378374
362124
163717
96672
527604
336124
449604
123131
100043
188675
160015
508224
556334
344344
186705
361354
101872
161161
360994
204983
404834
187544
173596
449514
193137
185595
401814
378394
473214
362174
446174
71028
173670
101794
386294
220964
361014
449664
328014
360624
192938
386414
220974
362644
188169
160315
209734
120576
45730
363764
361334
404824
450214
289054
390134
188157
363784
193084
187549
155634
388694
332264
367654
527394
193134
388684
363214
390454
169968
173638
494404
193058
255594
367724
528544
203978
328344
163741
429994
110326
527284
386404
362654
51888
378604
101810
205968
160954
405204
364174
184602
449554
174563
378544
90796
255314
138980
163698
342064
404874
96766
158180
163051
251714
185592
193131
360754
168591
134469
386004
187666
309304
251744
187572
52211
266174
161108
101847
160245
90697
173646
385394
189892
204651
187326
32776
101867
168883
90786
101868
202672
208109
80502
184870
153460
160329
103097
388204
333584
330964
101846
189083
122579
72251
206111
47040
361344
363674
189066
140318
193133
401844
162903
205354
72807
206485
101894
79455
72277
28338
334644
206451
31883
45989
388294
30692
151842
328324
208979
252764
362554
185023
430104
405134
106034
72252
90627
446254
329164
189681
72286
186411
103114
129028
362194
138906
425154
90706
377714
367814
28177
57818
186711
378464
188685
208944
388534
332874
101882
401804
93088
143103
160251
476524
160320
245924
192941
335274
160244
449464
161459
101911
101798
331884
364104
363954
318124
543004
340544
193200
378484
160291
101764
233164
193132
526114
378354
187521
187690
206479
364134
205409
72265
161461
66092
430084
188792
363804
28960
363734
527184
207120
155179
206947
301934
72263
96671
385134
159386
206534
184383
422034
333094
110327
255374
110300
65826
385984
163057
184865
163695
378374
362124
399194
96672
336124
272354
100043
160015
205351
204876
188144
344344
362094
186705
71831
160360
361354
364064
161161
363964
103088
404834
145210
173596
160246
193137
185595
401814
124715
473214
169972
362174
446174
333724
173670
328424
72288
361014
352724
328014
360624
192938
220974
187583
195015
362644
203599
173685
209734
120576
30725
45730
361334
420434
386564
289054
390134
142932
188157
184854
193084
155634
198211
449874
332264
367654
193134
363214
390454
94984
173638
137422
494404
193058
516114
255594
367724
380754
436894
528544
159326
188180
203978
328344
187551
429994
144091
386404
335234
186099
362654
378604
380504
205968
163994
160954
364174
175670
174563
195149
301364
255314
138980
163698
205353
160252
362514
102072
202928
163051
163716
185592
127235
360754
175700
386004
188185
309304
449804
187572
266174
173686
331614
101847
173667
387464
110308
173646
385394
143474
32776
204275
168883
192090
361784
102942
101865
101868
160361
174568
208109
80502
153460
360764
388204
145071
333584
363974
101846
385184
187730
28339
71968
190285
122579
30721
206111
325074
47040
391034
361344
189066
164263
193133
401844
390314
205354
72807
79455
334644
390214
52188
45989
138988
521454
30692
151842
328324
118890
208979
252764
185023
405134
189636
72252
90627
155631
332284
446254
52179
189681
190160
72253
186411
103114
305244
138906
2074
425154
101773
332274
186711
360584
378464
422114
208944
101882
401804
153466
188677
93088
199091
72261
361094
160251
361044
319314
367564
476524
245924
335274
160244
161459
331884
543004
52496
193200
378484
233164
188188
378354
101883
387874
187690
361324
391264
205409
72265
331434
161461
188792
363804
527184
207120
360784
206947
163017
72263
139708
249834
186423
206534
387224
184383
143476
110327
255374
326754
110300
206110
158191
423034
110307
163057
163695
399194
378524
272354
103104
387214
373804
205351
40161
204876
188144
362094
71831
160360
364064
557304
363964
103088
145210
163699
160246
476
124715
28419
169972
193153
161463
333724
328424
72288
138997
352724
187583
195015
160367
203599
159609
173685
159884
186279
30725
188138
378614
160253
449864
420434
386564
142932
184854
202716
188161
198211
449874
251524
387664
94984
137422
516114
380754
445694
436894
159326
422674
188180
526984
187551
101897
103092
144091
728
335234
204007
186099
380504
163994
194306
175670
189059
195149
387384
301364
360694
359204
190536
90804
205353
160252
362514
102072
293504
202928
163716
127235
175700
330994
188185
422084
449804
187673
173686
331614
188166
187656
173667
387464
504134
549474
110308
143474
276564
188186
204275
90710
189089
192929
192090
196641
361784
102942
101865
203988
362864
372414
189072
160361
174568
360764
328304
185285
89493
145071
363974
93089
155623
385184
186365
187730
72262
51915
28339
187415
71968
190285
30721
420484
325074
391034
108231
164263
390314
31877
144204
336134
386244
390214
52188
197663
138988
521454
185268
163703
90694
449754
118890
189636
155631
201825
332284
378584
52179
542954
163240
190160
102785
72253
305244
2074
101773
110299
159385
332274
103109
177253
360584
159455
422114
158129
153466
188677
475464
199091
72261
635
361094
101775
361044
319314
367564
335204
103108
186435
367794
123183
413904
52496
188188
160342
101800
378384
28446
101883
387874
207074
253834
28961
361324
391264
331434
163015
363414
110332
404844
360784
378624
163017
139708
249834
419644
186423
387224
143476
405304
189908
159462
326754
556354
206110
158191
423034
110307
52378
378524
143508
31043
102074
103104
168576
387214
373804
530244
40161
331294
557304
387264
159328
163699
153576
31882
476
155620
163700
405264
28419
362454
193153
185264
161463
177011
189079
429804
138997
329344
161527
360614
159460
160367
159609
155618
330474
159884
187561
186279
28420
188138
378614
173657
160253
449864
361254
237
189095
386334
476344
202716
189057
188161
362054
251524
387664
255934
549484
142933
192946
445694
390324
422674
526984
204050
527574
390774
188176
101897
103092
187473
728
204007
404954
525964
523
194306
206082
143802
56694
462614
189059
52185
387384
388304
360694
101790
359204
103111
190536
38900
90804
193064
188794
293504
385574
330994
81279
422084
207178
360604
331544
31878
360824
187673
449434
327294
159290
188166
361134
187656
504134
88600
549474
186450
513304
92027
527014
276564
188186
138641
90710
189089
192929
196641
203988
362864
372414
367764
189072
145070
188139
188683
284854
328304
360444
185285
89493
93089
155623
186365
72262
51915
187415
158179
420484
81084
108231
361304
31877
378424
144204
513514
144156
336134
385544
386244
273044
173607
197663
168905
107082
185268
163703
96769
155636
449594
387064
90694
192930
513194
449754
125108
31860
367784
204516
201825
378584
542954
163240
102785
155246
110299
159385
103109
177253
422004
372264
159455
158129
157932
361084
386904
101896
262164
475464
635
88058
101775
423364
187525
158256
335204
190284
175167
378004
103108
186435
367794
123009
373764
123183
413904
187615
160342
46946
326684
101800
378384
80617
188143
28446
207074
253834
405024
28961
193315
275834
163015
363414
110332
404844
378044
378624
419644
405304
189908
208132
159462
556354
148618
198579
198579
160335
52378
325424
93094
143508
173678
31043
102074
168576
405054
160939
530244
331294
387264
159328
173687
153576
31882
72271
158378
160295
155620
163700
405264
429764
362454
185264
177011
360574
189079
429804
189082
329344
161527
187580
360614
361714
159460
188178
161556
390854
155618
273054
296854
330474
387014
187561
28420
173657
284534
361254
237
189095
386334
476344
189057
362054
28333
553404
255934
187668
549484
275334
142933
110306
192946
193156
328194
160322
390324
204050
195017
527574
198438
390774
188176
160310
101857
173614
187473
364144
363934
404954
525964
175473
523
518434
194283
193151
206082
143802
429824
56694
462614
52185
388304
101790
174561
103111
192927
38900
193064
188168
188794
30993
155629
28287
31426
385574
405174
81279
497
207178
184840
360604
139390
331544
356644
31878
360824
449434
327294
159290
361134
2109
88600
186450
513304
92027
527014
361204
138641
236
163050
1555
336054
508984
367764
145070
188139
430184
206067
188683
284854
39372
360444
168906
34049
207070
206108
101855
158179
189090
477504
188179
554744
81084
205364
529284
361304
39121
239034
378424
529244
445504
513514
373444
144156
385544
529014
273044
46125
173607
168905
107082
528644
96769
159964
155636
529234
191742
399244
449594
206113
387064
662254
529354
192930
528694
513194
125108
529134
31860
529044
191914
367784
204516
382454
420644
382544
155246
160229
79430
238454
422004
191739
372264
382694
206699
157932
619534
361084
386904
193392
637384
101896
191929
262164
414494
654054
88058
423364
187525
528744
158256
190284
175167
378004
123009
160164
373764
528984
192083
187615
238874
191815
191949
46946
529314
326684
80617
191832
188143
529214
652044
192121
405024
238694
193315
275834
192067
614604
609894
207172
378044
528784
191921
191903
528874
208132
528714
529104
528724
148618
191976
204226
198579
528894
160335
528754
645544
382264
325424
529294
93094
173678
642924
405054
420654
528764
160939
672464
238724
207235
173687
207162
182205
528914
72271
160200
529114
158378
160295
528774
429764
191977
192071
360574
528674
189082
192062
191870
187580
352764
425074
361714
528734
188178
529224
161556
390854
273054
238754
296854
387014
529154
284534
616914
529194
191822
28333
553404
187668
420664
275334
191969
529084
110306
193156
328194
193395
160322
528854
195017
198438
197116
160310
194068
101857
193463
173614
194832
364144
193467
363934
193668
193544
193500
175473
193490
193949
518434
194283
193708
193151
191576
429824
614504
661274
193973
174561
429364
192927
193799
193847
188168
30993
155629
193729
28287
193787
31426
193908
405174
193489
497
184840
194011
139390
197113
193854
356644
193536
193469
193910
2109
194028
194043
193952
197466
193459
361204
661244
193477
236
662284
197114
163050
662264
193618
1555
336054
193473
508984
430184
206067
634024
193475
39372
168906
193894
34049
207070
193529
208596
206108
101855
189090
193506
477504
193478
188179
554744
193779
476664
205364
529284
193455
39121
196213
193504
193775
239034
193508
529244
193890
445504
193532
373444
193940
193925
381174
529014
193944
46125
193466
193484
204926
193945
193959
193461
528644
420364
159964
529234
191742
399244
206113
662254
529354
528694
649274
193512
529134
529044
661574
191914
194054
193928
382454
193457
419864
420644
197130
382544
193522
160229
79430
193846
309344
238454
193889
193494
191739
382694
193881
193969
206699
193470
619534
640944
193392
637384
191929
635344
414494
193456
239954
654054
193732
193538
334224
528744
204230
193483
203671
195192
193887
160164
528984
192083
193964
193936
193491
238874
191815
191949
197119
529314
193462
191832
193970
529214
193498
193511
652044
193338
192121
238694
520444
193474
192067
429834
614604
647204
202756
609894
193931
207172
528784
362524
191921
574124
570104
191903
528874
574144
574084
624204
528714
529104
528724
191976
505304
204226
568924
528894
528754
645544
569134
151828
382264
529294
626334
642924
420654
528764
569894
672464
574524
542184
238724
207235
207162
182205
528914
160200
529114
528774
569794
574254
570124
191977
192071
528674
570164
569754
192062
191870
600074
352764
425074
139487
528734
529224
573794
238754
529154
254954
177316
616914
568784
574274
39087
529194
191822
186407
255454
255974
517304
569694
420664
635164
191969
529084
505414
609074
193395
568454
570114
528854
568794
197116
194068
193463
194832
635144
205368
193467
193668
573854
626364
193544
255984
193500
573774
193490
193949
569864
574724
193708
573784
191576
635154
614504
661274
193973
568134
674024
429364
569774
193799
505424
193847
574334
105165
193729
319874
193787
193908
308704
193489
569734
194011
197113
193854
168609
606584
193536
647524
193469
193910
574034
194028
194043
193952
197466
193459
570084
661244
255534
193477
570134
662284
197114
206545
563334
662264
573754
193618
193473
673214
634024
193475
71463
570174
193894
193529
208596
193506
252244
193478
205361
193779
476664
193455
574154
196213
193504
193775
193508
193890
563414
193532
193940
505404
193925
381174
573804
193944
205329
193466
574134
193484
204926
193945
193959
193461
420364
574054
205355
649274
193090
193512
569624
661574
194054
193928
569974
193060
193457
609014
419864
197130
198209
573834
193522
569814
193846
646384
309344
193889
193494
652324
193881
193969
253824
193470
640944
619234
253674
619224
635344
624314
193456
168903
253704
239954
168902
193732
193538
664084
334224
335384
204230
168862
355654
193483
203671
652294
195192
193887
330574
190970
187613
193964
193936
193491
187568
625284
197119
195179
193462
570794
193970
575024
193498
193511
193338
365454
570684
520444
575034
193474
570854
429834
647204
202756
193931
184848
362524
184823
574124
175699
570944
570104
574144
185254
574084
624204
570894
184834
505304
568924
570584
569134
151828
184869
173634
158181
197218
626334
570814
569894
190778
574524
575014
542184
570614
571364
207389
66367
570634
187201
569794
207409
574254
570124
570164
569754
516284
570864
600074
139487
574794
570984
207386
573794
254954
177316
568784
574274
39087
207388
186407
207397
255454
184827
255974
570884
517304
208597
173637
569694
635164
575044
505414
609074
207401
568454
570114
202305
185269
568794
207362
173677
635144
205368
573854
182659
626364
255984
570694
573774
569864
574824
574724
573784
195392
635154
570244
175697
184858
570304
568134
174259
674024
570834
569774
570754
505424
186313
574334
105165
319874
207418
574914
308704
186548
569734
71497
574874
168609
606584
574904
647524
574034
186094
570084
570704
255534
570134
206545
563334
184778
573754
399264
207417
673214
575004
570954
71463
570174
207391
565384
184846
207393
570604
207411
431804
252244
570844
417954
205361
202309
574154
563414
570724
505404
570824
573804
205329
570624
574134
574054
205355
193090
569624
569974
193060
609014
198209
573834
569814
646384
652324
253824
619234
253674
619224
624314
168903
253704
168902
664084
335384
168862
355654
652294
330574
190970
187613
187568
625284
195179
570794
575024
365454
570684
575034
570854
184848
184823
175699
570944
185254
570894
184834
570584
184869
173634
158181
197218
570814
190778
575014
570614
571364
207389
66367
570634
187201
207409
516284
570864
574794
570984
207386
207388
207397
184827
570884
208597
173637
575044
207401
202305
185269
207362
173677
182659
570694
574824
195392
570244
175697
184858
570304
174259
570834
570754
186313
207418
574914
186548
71497
574874
574904
186094
570704
184778
399264
207417
575004
570954
207391
565384
184846
207393
570604
207411
431804
570844
417954
202309
570724
570824
570624
144549
549244
727744
85521
85523
728524
727794
102060
198853
102064
102061
102063
246664
144549
246654
246524
246644
246724
246504
246884
246044
246294
246634
246084
549244
246224
246534
246064
246594
246334
727744
246264
85521
730674
85523
246304
728524
246214
358984
727794
246494
102060
246184
198853
728214
102064
246874
102061
246284
102063
244704
246664
246314
246654
246204
246524
709864
246644
246724
709864
246644
156841
156841
494954
283834
175694
52149
174279
378444
52181
494954
283834
175694
52149
174279
378444
52181
156841
156841
494954
283834
175694
52149
174279
378444
52181
494954
283834
175694
52149
174279
378444
52181
156841
156841
494954
494954
283834
175694
52149
174279
378444
52181
283834
175694
52149
174279
378444
378444
52181
156841
156841
494954
283834
175694
52149
174279
378444
52181
494954
283834
175694
52149
174279
378444
52181
